32 4697093
97 4284579
101 2329913
110 2143326
105 2004602
111 1793831
115 1601605
117 1360881
114 1333516
116 1194351
108 1153631
99 1050954
109 912419
112 843465
100 763019
104 686662
195 653220
113 645549
107 593118
121 539790
46 312885
44 271300
98 265004
118 247457
103 215031
119 149070
161 141123
179 136414
226 123637
128 121988
102 104837
173 103116
106 101365
122 100063
177 98322
169 86197
65 83203
67 80806
68 78790
74 72728
80 71431
69 64409
49 61215
194 59399
73 54813
191 53774
83 53036
63 53024
58 50613
77 48479
120 48129
157 45849
156 45073
84 40607
76 36187
50 33927
78 33275
39 32525
48 31645
186 31198
41 31040
66 28873
82 25087
40 25063
72 22943
45 22646
51 19858
81 19259
89 19102
79 19101
75 17762
163 16909
53 16605
52 16142
71 15896
85 15858
57 14778
153 14718
59 13831
54 12793
56 11940
55 11893
70 11649
86 9959
152 9651
93 8968
91 8960
174 8006
170 7108
87 6732
162 5382
189 5359
33 5217
34 3988
148 3617
181 3457
145 3425
88 3416
167 3352
47 2653
129 2282
137 2082
187 2069
90 1885
147 1855
42 1768
171 1645
196 1512
141 1497
180 1355
124 1340
150 1270
37 1063
188 879
164 676
197 614
175 597
36 508
176 370
151 231
183 226
160 195
62 163
123 162
154 162
135 160
146 150
225 143
134 135
125 110
166 93
139 88
204 84
149 79
130 78
168 71
35 60
182 57
239 54
185 52
43 50
215 48
64 38
61 36
143 30
184 29
38 20
96 16
138 15
94 14
131 13
142 13
172 13
178 12
95 9
159 8
158 6
155 4
165 4
144 3
202 3
126 2
132 2
133 2
190 2
madeupword0000 0
madeupword0001 0
madeupword0002 0
madeupword0003 0
madeupword0004 0
madeupword0005 0
madeupword0006 0
